29
18
4
93
17
14
3
84
14
5
18
9
76
21
30
11
6
24
7
9
15
18
110
12
9
34
3
20
63
23
18
24
32
12
22
2
18
3
13
3
7
6
2
15
9
26
10
2
6
24
15
6
10
23
22
29
3
19
19
15
9
16
39
14
2
2
13
9
8
3
27
22
8
15
6
19
3
7
24
5
15
1
27
32
2
39
6
9
13
4
5
8
25

4
1
8
1
28
27
10
6
8
19
55
7
6
3
19
28
31
15
1
20
14
17
27
5
7
2
9
24
29
55
32
69
6
5
10
48
72
20
38
14
37
8
4
22
6
45
38
16
4
10
3
5
6
9
9
27
9
6
4
6
8
6
3
7
3
4
1
20
7
7
48
18
49
13
3
8
30
7
20
2
3
3
13
41
52
1
9
20
51
7
14
6
1

13
30
44
28
5
11
9
9
82
5
1
1
6
12
26
25
38
6
13
36
19
5
2
60
31
6
6
100
5
2
30
10
8
36
27
34
10
3
9
2
27
31
9
15
41
25
65
147
24
15
5
4
16
15
6
11
11
29
12
41
16
24
85
9
16
4
5
1
22
4
12
9
15
8
5
9
7
22
2
9
17
10
4
16
8
3
8
1
4
19
19
39
9

2
17
10
6
17
3
10
28
12
6
39
19
6
62
13
10
46
10
10
40
14
39
18
50
34
7
7
1
22
2
4
3
11
22
29
48
21
33
25
24
92
34
5
35
5
78
18
5
8
6
2
19
57
33
40
11
3
5
5
2
2
8
167
2
10
102
21
18
10
25
22
13
4
29
79
29
1
6
5
17
5
6
45
1
11
11
21
10
1
14
12
7
13

34
30
20
23
3
11
17
24
12
49
40
8
36
19
16
5
21
10
11
19
32
31
20
22
25
20
27
4
5
12
65
24
37
4
7
15
8
4
7
2
12
2
11
37
8
4
9
9
58
19
49
27
29
27
34
3
12
95
39
33
7
25
47
61
27
47
15
27
25
27
6
14
52
17
13
42
13
7
14
24
21
34
10
30
4
6
4
33
5
2
2
15
5

26
2
7
16
72
40
1
42
3
7
5
8
4
5
17
3
12
6
19
1
6
42
1
15
46
4
27
13
22
49
4
44
16
53
45
12
33
12
13
57
8
7
26
6
3
18
20
14
4
43
16
3
13
10
1
12
97
35
5
9
14
27
16
2
20
47
23
23
2
11
20
5
37
18
42
55
36
46
5
18
11
15
17
5
3
2
70
13
5
24
1
1
5

25
7
22
35
33
9
4
28
18
15
94
13
18
25
6
7
22
29
37
53
50
9
17
1
46
59
18
4
33
2
8
5
20
25
38
1
9
8
18
18
22
66
12
7
8
13
14
4
14
51
8
19
33
23
5
90
28
18
2
12
37
9
1
6
6
46
45
14
9
14
9
28
22
22
3
17
7
10
7
8
97
6
25
17
10
18
6
78
15
17
2
14
8

23
21
18
15
44
73
14
15
62
38
17
5
45
3
10
3
11
22
6
50
12
14
3
3
16
25
34
3
16
6
1
6
8
10
8
43
28
16
2
26
11
17
9
9
61
35
30
49
21
23
17
84
14
36
21
5
10
53
3
75
8
4
20
7
10
34
41
10
18
1
3
18
18
2
6
1
37
27
6
8
28
11
120
48
10
10
78
113
2
1
11
15
19

1
77
11
27
1
7
6
20
34
24
5
24
3
16
7
24
3
2
3
7
6
5
20
1
27
53
3
2
20
25
16
6
3
25
9
2
33
13
13
10
69
22
8
47
1
13
20
11
18
44
15
2
35
24
2
32
6
66
46
3
124
17
6
9
51
3
17
14
24
5
1
65
14
12
2
22
20
10
23
12
1
4
3
28
41
42
81
20
116
52
21
16
117

13
53
7
13
3
47
10
12
23
5
3
21
14
17
15
38
3
1
3
9
24
10
10
8
26
16
28
5
16
14
14
17
58
26
21
9
16
9
20
28
5
36
22
63
12
11
5
1
12
3
2
24
26
14
9
1
4
26
10
6
5
12
90
36
5
20
46
10
27
32
2
93
10
5
28
4
10
4
3
7
1
12
30
8
204
3
21
10
6
4
30
80
25

20
24
26
10
73
7
20
16
9
71
88
9
63
15
2
21
6
58
4
27
25
11
34
11
37
110
159
43
18
3
9
2
3
16
7
6
10
7
27
15
9
32
16
21
31
14
66
19
48
91
61
21
25
25
4
21
7
33
13
32
42
17
34
24
19
3
7
28
12
6
8
41
52
6
11
29
89
47
22
2
5
3
62
4
5
13
35
22
10
16
17
25
10

62
1
32
30
10
4
20
8
10
25
7
22
19
10
23
13
44
5
7
8
6
53
18
1
30
4
13
32
12
12
34
3
133
27
13
46
11
4
19
3
12
4
6
17
7
8
2
12
1
26
5
5
25
8
13
48
9
34
7
12
52
3
6
9
21
8
2
32
30
49
5
2
5
11
42
35
17
17
5
2
4
7
34
39
15
38
7
27
5
2
8
1
33

16
2
13
13
19
56
86
49
4
10
3
20
12
19
9
16
4
21
9
6
22
15
12
11
4
5
112
20
110
42
13
9
32
66
15
54
3
12
9
2
1
14
22
3
8
1
3
10
14
32
6
7
35
7
5
18
11
83
2
21
15
13
14
26
73
15
7
8
10
31
2
64
6
4
34
31
13
8
7
7
1
32
88
22
5
4
20
5
28
37
15
35
41

39
12
69
10
14
2
3
1
6
5
4
1
2
4
24
5
3
16
76
19
9
1
5
76
16
26
22
46
9
3
5
11
53
30
10
27
14
19
40
14
12
17
18
2
25
22
18
5
6
27
21
21
25
30
54
23
10
48
12
40
3
60
6
54
52
7
98
10
61
69
7
39
89
32
53
6
46
18
11
23
13
13
22
11
15
57
8
13
18
24
27
2
17

24
17
7
12
53
24
17
5
10
55
54
9
9
29
3
15
5
24
22
22
10
15
4
11
20
39
18
2
33
42
26
26
57
3
22
110
16
61
6
55
21
22
14
12
32
12
3
16
11
15
4
15
48
15
8
3
32
7
18
7
6
24
5
2
16
6
7
19
18
13
14
7
9
11
16
14
6
5
3
8
7
76
39
15
7
33
13
3
16
16
15
18
21

6
51
26
31
11
12
5
7
2
28
2
30
10
9
25
81
11
5
26
35
11
5
3
6
9
14
86
14
17
16
9
7
20
1
7
28
13
145
53
15
24
122
15
73
151
2
6
10
7
60
15
21
10
3
9
16
9
19
16
38
8
10
7
20
49
10
4
4
85
22
8
28
3
10
16
71
29
46
8
3
33
6
43
5
2
7
40
5
8
7
5
38
7

7
6
25
3
6
1
33
44
8
14
4
5
100
28
3
76
9
13
26
4
38
11
3
24
20
68
3
7
12
4
19
11
4
47
9
2
25
5
3
4
25
1
21
10
6
18
23
4
23
7
1
27
34
35
51
22
8
23
70
11
70
4
8
17
77
35
9
10
67
31
14
24
31
2
4
10
10
11
10
4
14
16
23
25
2
9
15
40
40
7
6
40
17

18
32
7
9
20
98
47
11
26
4
34
6
3
2
33
25
24
5
21
10
1
2
4
9
1
6
1
1
6
1
8
8
11
4
1
34
4
43
53
9
8
2
10
7
1
3
31
34
11
4
12
16
2
1
9
26
14
16
1
33
7
25
3
39
13
32
32
11
4
23
24
7
9
35
22
6
13
4
11
10
12
3
14
20
19
11
5
9
24
9
26
36
4

1
6
3
3
4
1
6
2
6
56
4
30
35
20
10
29
9
5
1
4
3
14
16
3
15
145
8
20
15

